1773425146207 0.0002560164812525752 0
1773425626795 0.0005022052882571076 1
1773431401341 0.0007382432952616399 2
1773437629689 0.0007233214 3
1773437905723 0.0007080952000000001 4
1773438253852 0.000692869 5
1773438638357 0.0006776428000000001 6
1773439059094 0.0006624166 7
1773439444842 0.0006471904000000001 8
1773439843304 0.0006319642000000001 9
1773440171929 0.000616738 10
1773440453972 0.0006015118 11
1773440719423 0.0005862856 12
1773440961411 0.0005710594000000001 13
1773441198536 0.0005558332 14
1773441440681 0.000540607 15
1773441680579 0.0005253807999999999 16
1773441924350 0.0005101546 17
1773442168600 0.0004949284000000001 18
1773442417335 0.00047970220000000005 19
1773442663330 0.000464476 20
1773442915059 0.0004492498000000001 21
1773443177776 0.00043402360000000006 22
1773443441013 0.0004187974000000001 23
1773443701211 0.00040357120000000004 24
1773443952285 0.000388345 25
1773444208615 0.0003731188 26
1773444472157 0.0003578926 27
1773444730061 0.00034266639999999996 28
