1773446006900 0.00025617490729295427 0
1773446303743 0.0005023605774618871 1
1773446595751 0.0007383954476308199 2
1773446884080 0.0007233214 3
1773447173519 0.0007080952000000001 4
1773447461278 0.000692869 5
1773447749809 0.0006776428000000001 6
1773448033328 0.0006624166 7
1773448313087 0.0006471904000000001 8
1773448590794 0.0006319642000000001 9
1773448869157 0.000616738 10
1773449144402 0.0006015118 11
1773449421976 0.0005862856 12
1773449701782 0.0005710594000000001 13
1773449980413 0.0005558332 14
1773450256290 0.000540607 15
1773450532911 0.0005253807999999999 16
1773450812599 0.0005101546 17
1773451087730 0.0004949284000000001 18
1773451367810 0.00047970220000000005 19
1773451646783 0.000464476 20
1773451920743 0.0004492498000000001 21
1773452197192 0.00043402360000000006 22
1773452475011 0.0004187974000000001 23
1773452754197 0.00040357120000000004 24
1773453029639 0.000388345 25
1773453308985 0.0003731188 26
1773453589773 0.0003578926 27
1773453870079 0.00034266639999999996 28
1773454154165 0.0003274402000000001 29
1773454437272 0.00031221400000000006 30
1773454723609 0.0002969878 31
1773455001891 0.00028176160000000004 32
1773455279195 0.0002665354 33
1773455556233 0.0002513092 34
1773455836516 0.00023608300000000005 35
1773456120051 0.00022085680000000002 36
1773456407096 0.00020563060000000004 37
1773456691117 0.0001904044 38
1773456972360 0.0001751782 39
1773457292477 0.000159952 40
1773457562265 0.00014472580000000006 41
1773457830132 0.00012949960000000006 42
1773458099434 0.00011427340000000001 43
1773458375248 9.90472e-05 44
1773458650613 8.382099999999998e-05 45
1773458927058 6.859479999999998e-05 46
1773459204373 5.3368600000000037e-05 47
1773459472552 3.814240000000003e-05 48
1773459738211 2.2916200000000016e-05 49
