1773425146207 1.69066 0
1773425626795 1.60468 1
1773431401341 1.58818 2
1773437629689 1.57327 3
1773437905723 1.55023 4
1773438253852 1.55315 5
1773438638357 1.52691 6
1773439059094 1.51413 7
1773439444842 1.49745 8
1773439843304 1.48374 9
1773440171929 1.48208 10
1773440453972 1.47815 11
1773440719423 1.47484 12
1773440961411 1.45018 13
1773441198536 1.46099 14
1773441440681 1.44586 15
1773441680579 1.4454 16
1773441924350 1.43499 17
1773442168600 1.42894 18
1773442417335 1.42281 19
1773442663330 1.42853 20
1773442915059 1.41884 21
1773443177776 1.40508 22
1773443441013 1.40823 23
1773443701211 1.39226 24
1773443952285 1.39512 25
1773444208615 1.40129 26
1773444472157 1.39149 27
1773444730061 1.37807 28
