1773425146207 1.63896 0
1773425626795 1.24888 1
1773431401341 1.20318 2
1773437629689 1.18283 3
1773437905723 1.14375 4
1773438253852 1.12388 5
1773438638357 1.10356 6
1773439059094 1.08406 7
1773439444842 1.06828 8
1773439843304 1.04845 9
1773440171929 1.03312 10
1773440453972 1.03385 11
1773440719423 1.02506 12
1773440961411 1.00403 13
1773441198536 1.00277 14
1773441440681 0.99189 15
1773441680579 0.99219 16
1773441924350 0.97619 17
1773442168600 0.97203 18
1773442417335 0.96285 19
1773442663330 0.96299 20
1773442915059 0.94918 21
1773443177776 0.94172 22
1773443441013 0.94009 23
1773443701211 0.92601 24
1773443952285 0.92737 25
1773444208615 0.92311 26
1773444472157 0.91576 27
1773444730061 0.90116 28
