1773425146207 0.98195 0
1773425626795 0.94357 1
1773431401341 0.93569 2
1773437629689 0.93123 3
1773437905723 0.92331 4
1773438253852 0.92003 5
1773438638357 0.91629 6
1773439059094 0.91314 7
1773439444842 0.91056 8
1773439843304 0.90707 9
1773440171929 0.9021 10
1773440453972 0.90333 11
1773440719423 0.90179 12
1773440961411 0.8983 13
1773441198536 0.89532 14
1773441440681 0.89652 15
1773441680579 0.89381 16
1773441924350 0.89253 17
1773442168600 0.89326 18
1773442417335 0.89053 19
1773442663330 0.89031 20
1773442915059 0.88832 21
1773443177776 0.88818 22
1773443441013 0.8864 23
1773443701211 0.88585 24
1773443952285 0.88338 25
1773444208615 0.88171 26
1773444472157 0.88122 27
1773444730061 0.87973 28
