1773425170789 0.14276 0
1773425668593 0.16329 1
1773431440666 0.16598 2
1773437645642 0.17476 3
1773437920624 0.19228 4
1773438279106 0.18719 5
1773438673298 0.19682 6
1773439090543 0.20617 7
1773439475385 0.21041 8
1773439872224 0.2133 9
1773440186622 0.21257 10
1773440466517 0.21672 11
1773440730776 0.21472 12
1773440970916 0.22547 13
1773441211938 0.22683 14
1773441451891 0.22911 15
1773441691603 0.22541 16
1773441934766 0.23002 17
1773442179104 0.23202 18
1773442432151 0.23551 19
1773442675519 0.23881 20
1773442931831 0.23664 21
1773443188547 0.23853 22
1773443450104 0.24049 23
1773443712094 0.24707 24
1773443965195 0.2452 25
1773444222716 0.24783 26
1773444482176 0.24602 27
1773444743064 0.24788 28
