1773425170789 0.25387 0
1773425668593 0.2914 1
1773431440666 0.29864 2
1773437645642 0.31085 3
1773437920624 0.33469 4
1773438279106 0.32892 5
1773438673298 0.34578 6
1773439090543 0.35723 7
1773439475385 0.36664 8
1773439872224 0.37174 9
1773440186622 0.36983 10
1773440466517 0.37463 11
1773440730776 0.37197 12
1773440970916 0.3877 13
1773441211938 0.39052 14
1773441451891 0.39324 15
1773441691603 0.38875 16
1773441934766 0.3928 17
1773442179104 0.39696 18
1773442432151 0.40163 19
1773442675519 0.40717 20
1773442931831 0.40357 21
1773443188547 0.40688 22
1773443450104 0.40793 23
1773443712094 0.42121 24
1773443965195 0.41455 25
1773444222716 0.42068 26
1773444482176 0.4182 27
1773444743064 0.42259 28
