1773425170789 0.35967 0
1773425668593 0.41307 1
1773431440666 0.37863 2
1773437645642 0.40989 3
1773437920624 0.48159 4
1773438279106 0.44584 5
1773438673298 0.44076 6
1773439090543 0.45132 7
1773439475385 0.49408 8
1773439872224 0.48076 9
1773440186622 0.48834 10
1773440466517 0.50363 11
1773440730776 0.49387 12
1773440970916 0.49612 13
1773441211938 0.50056 14
1773441451891 0.50756 15
1773441691603 0.50834 16
1773441934766 0.513 17
1773442179104 0.50708 18
1773442432151 0.51163 19
1773442675519 0.50985 20
1773442931831 0.51466 21
1773443188547 0.5171 22
1773443450104 0.52367 23
1773443712094 0.53576 24
1773443965195 0.52592 25
1773444222716 0.53142 26
1773444482176 0.53134 27
1773444743064 0.53951 28
