1773425170789 0.27109 0
1773425668593 0.29351 1
1773431440666 0.30931 2
1773437645642 0.31938 3
1773437920624 0.32566 4
1773438279106 0.32578 5
1773438673298 0.34812 6
1773439090543 0.35259 7
1773439475385 0.35403 8
1773439872224 0.36131 9
1773440186622 0.3553 10
1773440466517 0.35643 11
1773440730776 0.35955 12
1773440970916 0.37607 13
1773441211938 0.37671 14
1773441451891 0.37694 15
1773441691603 0.37356 16
1773441934766 0.37255 17
1773442179104 0.38113 18
1773442432151 0.38761 19
1773442675519 0.38871 20
1773442931831 0.38526 21
1773443188547 0.38943 22
1773443450104 0.38969 23
1773443712094 0.39566 24
1773443965195 0.39337 25
1773444222716 0.39883 26
1773444482176 0.39789 27
1773444743064 0.3969 28
