1773446006900 1.69554 0
1773446303743 1.6328 1
1773446595751 1.61963 2
1773446884080 1.59282 3
1773447173519 1.5714 4
1773447461278 1.56837 5
1773447749809 1.5427 6
1773448033328 1.53488 7
1773448313087 1.52615 8
1773448590794 1.51235 9
1773448869157 1.5113 10
1773449144402 1.49094 11
1773449421976 1.49468 12
1773449701782 1.48999 13
1773449980413 1.47873 14
1773450256290 1.47047 15
1773450532911 1.46843 16
1773450812599 1.45819 17
1773451087730 1.45099 18
1773451367810 1.45613 19
1773451646783 1.44633 20
1773451920743 1.44012 21
1773452197192 1.42924 22
1773452475011 1.42694 23
1773452754197 1.41852 24
1773453029639 1.41144 25
1773453308985 1.42002 26
1773453589773 1.41234 27
1773453870079 1.40038 28
1773454154165 1.39961 29
1773454437272 1.39878 30
1773454723609 1.38466 31
1773455001891 1.39004 32
1773455279195 1.39294 33
1773455556233 1.38471 34
1773455836516 1.38456 35
1773456120051 1.37569 36
1773456407096 1.37794 37
1773456691117 1.37555 38
1773456972360 1.36443 39
1773457292477 1.33781 40
1773457562265 1.32447 41
1773457830132 1.31617 42
1773458099434 1.3151 43
1773458375248 1.30865 44
1773458650613 1.30987 45
1773458927058 1.30412 46
1773459204373 1.29653 47
1773459472552 1.30511 48
1773459738211 1.29252 49
