1773446006900 1.62297 0
1773446303743 1.29516 1
1773446595751 1.24586 2
1773446884080 1.219 3
1773447173519 1.17748 4
1773447461278 1.16488 5
1773447749809 1.13672 6
1773448033328 1.11985 7
1773448313087 1.10718 8
1773448590794 1.08323 9
1773448869157 1.07595 10
1773449144402 1.0603 11
1773449421976 1.05578 12
1773449701782 1.04491 13
1773449980413 1.03448 14
1773450256290 1.03034 15
1773450532911 1.02067 16
1773450812599 1.01384 17
1773451087730 1.00267 18
1773451367810 1.00312 19
1773451646783 0.99225 20
1773451920743 0.98547 21
1773452197192 0.9767 22
1773452475011 0.96915 23
1773452754197 0.95803 24
1773453029639 0.95209 25
1773453308985 0.95328 26
1773453589773 0.94611 27
1773453870079 0.94066 28
1773454154165 0.93308 29
1773454437272 0.93235 30
1773454723609 0.91793 31
1773455001891 0.91969 32
1773455279195 0.91434 33
1773455556233 0.91085 34
1773455836516 0.90952 35
1773456120051 0.90014 36
1773456407096 0.89827 37
1773456691117 0.89309 38
1773456972360 0.88291 39
1773457292477 0.86129 40
1773457562265 0.84771 41
1773457830132 0.83978 42
1773458099434 0.83521 43
1773458375248 0.82805 44
1773458650613 0.82316 45
1773458927058 0.81809 46
1773459204373 0.81335 47
1773459472552 0.81146 48
1773459738211 0.80456 49
