1773446006900 0.98485 0
1773446303743 0.94977 1
1773446595751 0.94106 2
1773446884080 0.93667 3
1773447173519 0.93012 4
1773447461278 0.92526 5
1773447749809 0.92017 6
1773448033328 0.91835 7
1773448313087 0.9154 8
1773448590794 0.91123 9
1773448869157 0.90916 10
1773449144402 0.909 11
1773449421976 0.90423 12
1773449701782 0.90487 13
1773449980413 0.90034 14
1773450256290 0.90073 15
1773450532911 0.89976 16
1773450812599 0.89549 17
1773451087730 0.89695 18
1773451367810 0.89599 19
1773451646783 0.89517 20
1773451920743 0.89098 21
1773452197192 0.89258 22
1773452475011 0.89149 23
1773452754197 0.88958 24
1773453029639 0.8887 25
1773453308985 0.88742 26
1773453589773 0.88625 27
1773453870079 0.88421 28
1773454154165 0.88412 29
1773454437272 0.88273 30
1773454723609 0.88028 31
1773455001891 0.88301 32
1773455279195 0.88091 33
1773455556233 0.87848 34
1773455836516 0.88038 35
1773456120051 0.87878 36
1773456407096 0.87818 37
1773456691117 0.87651 38
1773456972360 0.87402 39
1773457292477 0.87448 40
1773457562265 0.87379 41
1773457830132 0.87306 42
1773458099434 0.87205 43
1773458375248 0.87143 44
1773458650613 0.86998 45
1773458927058 0.86872 46
1773459204373 0.86799 47
1773459472552 0.86631 48
1773459738211 0.86731 49
