1773446019531 0.26042 0
1773446314475 0.2812 1
1773446605664 0.30517 2
1773446896068 0.30447 3
1773447183600 0.32587 4
1773447471217 0.32464 5
1773447759668 0.34631 6
1773448042751 0.34689 7
1773448323203 0.35912 8
1773448600152 0.35619 9
1773448878675 0.37045 10
1773449153266 0.36627 11
1773449431898 0.37443 12
1773449711331 0.37929 13
1773449989249 0.38563 14
1773450265487 0.38831 15
1773450542047 0.38806 16
1773450821861 0.38929 17
1773451096655 0.39586 18
1773451376994 0.39716 19
1773451655728 0.40405 20
1773451929885 0.4047 21
1773452206415 0.40461 22
1773452483951 0.40819 23
1773452763191 0.41067 24
1773453038634 0.4097 25
1773453318171 0.41426 26
1773453598703 0.41031 27
1773453879112 0.41629 28
1773454163204 0.41947 29
1773454446502 0.42069 30
1773454733157 0.42535 31
1773455010597 0.42135 32
1773455288284 0.42606 33
1773455565407 0.42992 34
1773455845987 0.42499 35
1773456129229 0.42651 36
1773456416395 0.43065 37
1773456700158 0.43066 38
1773456981540 0.42981 39
1773457301813 0.42893 40
1773457571510 0.4268 41
1773457839076 0.42865 42
1773458108857 0.42806 43
1773458384178 0.4323 44
1773458659691 0.43072 45
1773458936230 0.43192 46
1773459213705 0.43218 47
1773459481284 0.43288 48
1773459747040 0.4343 49
1773459759287 0.43454668805869423 49
