1773446019531 0.14758 0
1773446314475 0.16045 1
1773446605664 0.1715 2
1773446896068 0.173 3
1773447183600 0.18635 4
1773447471217 0.18595 5
1773447759668 0.19721 6
1773448042751 0.20167 7
1773448323203 0.20748 8
1773448600152 0.20566 9
1773448878675 0.21485 10
1773449153266 0.20953 11
1773449431898 0.21702 12
1773449711331 0.2202 13
1773449989249 0.22517 14
1773450265487 0.22555 15
1773450542047 0.22512 16
1773450821861 0.22677 17
1773451096655 0.23156 18
1773451376994 0.23114 19
1773451655728 0.23627 20
1773451929885 0.23839 21
1773452206415 0.23715 22
1773452483951 0.24135 23
1773452763191 0.24146 24
1773453038634 0.24077 25
1773453318171 0.24173 26
1773453598703 0.24148 27
1773453879112 0.24308 28
1773454163204 0.24561 29
1773454446502 0.24683 30
1773454733157 0.24986 31
1773455010597 0.24745 32
1773455288284 0.25094 33
1773455565407 0.25429 34
1773455845987 0.251 35
1773456129229 0.25258 36
1773456416395 0.25639 37
1773456700158 0.25409 38
1773456981540 0.25474 39
1773457301813 0.25399 40
1773457571510 0.25254 41
1773457839076 0.2535 42
1773458108857 0.25419 43
1773458384178 0.25632 44
1773458659691 0.25487 45
1773458936230 0.25557 46
1773459213705 0.25741 47
1773459481284 0.257 48
1773459747040 0.25801 49
1773459759287 0.2580962947273204 49
