1773446019531 0.37627 0
1773446314475 0.38169 1
1773446605664 0.4105 2
1773446896068 0.41309 3
1773447183600 0.44348 4
1773447471217 0.43316 5
1773447759668 0.44498 6
1773448042751 0.43696 7
1773448323203 0.45976 8
1773448600152 0.44984 9
1773448878675 0.4781 10
1773449153266 0.46441 11
1773449431898 0.48289 12
1773449711331 0.48286 13
1773449989249 0.5094 14
1773450265487 0.4843 15
1773450542047 0.49058 16
1773450821861 0.48906 17
1773451096655 0.50456 18
1773451376994 0.50066 19
1773451655728 0.51515 20
1773451929885 0.52949 21
1773452206415 0.51788 22
1773452483951 0.52395 23
1773452763191 0.52607 24
1773453038634 0.51452 25
1773453318171 0.51488 26
1773453598703 0.52188 27
1773453879112 0.54658 28
1773454163204 0.5468 29
1773454446502 0.54102 30
1773454733157 0.54113 31
1773455010597 0.52751 32
1773455288284 0.53151 33
1773455565407 0.53789 34
1773455845987 0.54793 35
1773456129229 0.54146 36
1773456416395 0.5568 37
1773456700158 0.5496 38
1773456981540 0.5545 39
1773457301813 0.55274 40
1773457571510 0.55724 41
1773457839076 0.55413 42
1773458108857 0.55605 43
1773458384178 0.55589 44
1773458659691 0.56083 45
1773458936230 0.56129 46
1773459213705 0.56067 47
1773459481284 0.55348 48
1773459747040 0.56036 49
1773459759287 0.5620465963316753 49
