1773446019531 0.27224 0
1773446314475 0.29568 1
1773446605664 0.3098 2
1773446896068 0.3082 3
1773447183600 0.32762 4
1773447471217 0.32796 5
1773447759668 0.34629 6
1773448042751 0.34759 7
1773448323203 0.35367 8
1773448600152 0.35281 9
1773448878675 0.35705 10
1773449153266 0.35821 11
1773449431898 0.36397 12
1773449711331 0.36817 13
1773449989249 0.36846 14
1773450265487 0.37646 15
1773450542047 0.37529 16
1773450821861 0.38037 17
1773451096655 0.37964 18
1773451376994 0.38538 19
1773451655728 0.38441 20
1773451929885 0.38147 21
1773452206415 0.3898 22
1773452483951 0.38464 23
1773452763191 0.3852 24
1773453038634 0.39074 25
1773453318171 0.39369 26
1773453598703 0.38519 27
1773453879112 0.38454 28
1773454163204 0.38982 29
1773454446502 0.39593 30
1773454733157 0.40032 31
1773455010597 0.40025 32
1773455288284 0.40005 33
1773455565407 0.40082 34
1773455845987 0.39685 35
1773456129229 0.40189 36
1773456416395 0.39911 37
1773456700158 0.40259 38
1773456981540 0.40113 39
1773457301813 0.39775 40
1773457571510 0.39491 41
1773457839076 0.39877 42
1773458108857 0.39762 43
1773458384178 0.39965 44
1773458659691 0.39881 45
1773458936230 0.39733 46
1773459213705 0.39761 47
1773459481284 0.40326 48
1773459747040 0.40237 49
1773459759287 0.40161959691330906 49
